11
-20
5
-17
10
16
2
9
-6
-6
-7
-10
13
14
-15
-16
14
-2
9
-7
19
-14
-3
21
7
-20
1
3
21
-13
-14
19
18
0
-18
-12
-5
6
-9
23
-9
2
16
1
-12
21
12
12
3
-18
-14
2
6
0
-7
9
9
-10
-8
13
12
14
4
-5
14
9
13
25
-5
21
14
21
-18
-1
5
-14
5
7
0
9
-19
18
15
-16
8
-2
20
24
11
-15
8
24
1
14
16
-19
-14
-14
-8
9
24
25
11
24
17
22
6
-9
-11
22
14
-4
9
13
1
-11
-8
0
-11
-4
-5
18
-1
-19
-10
-13
5
25
10
14
7
9
25
-6
18
4
-15
-15
-11
15
20
-9
19
-13
13
20
-1
10
-10
-17